0,647
21,5
21,2
13,67
21,1
20,5
20,2
20,1
19,5
19,2
19,1
18,2
17,2
16,7
13,65
15,2
13,54
14,2
13,129
13,73
13,69
13,64
13,63
13,61
13,59
13,57
13,53
13,52
13,49
13,47
13,46
13,44
13,43
13,41
13,40
13,39
13,38
13,37
13,36
13,34
13,32
13,31
13,30
13,29
13,28
13,27
13,26
13,24
13,23
13,22
13,20
13,19
13,18
13,17
13,16
13,15
13,13
13,12
13,11
12,6
12,5
12,2
12,1
11,6
11,5
11,2
11,1
10,39
10,37
13,72
13,21
10,36
13,14
10,35
13,9
13,2
10,34
13,10
10,33
16,6
10,31
16,1
10,29
16,8
10,25
16,2
10,24
16,5
10,23
10,22
10,21
10,20
10,17
10,13
14,8
10,12
10,38
10,11
13,25
10,10
14,9
13,35
14,5
10,9
14,7
13,8
10,8
14,1
10,7
13,62
14,6
10,6
17,5
13,7
10,5
28,10
17,8
13,60
10,2
28,9
17,7
10,1
15,8
5,2
17,1
13,1
8,7
28,8
17,6
13,75
15,9
8,6
28,7
13,5
15,5
8,5
28,5
13,6
8,2
15,7
28,1
18,5
8,1
28,6
15,1
18,7
6,6
2,2
15,6
98,5
18,1
6,5
2,1
18,6
98,1
6,2
2,5
98,6
77,5
